"res num","entropy","%frac non-gap"
1,0.24,0.47
2,0.52,0.48
3,0.39,0.31
4,0.28,0.20
5,0.18,0.11
6,0.13,0.08
7,0.11,0.06
8,0.14,0.11
9,0.30,0.22
10,0.26,0.19
11,0.21,0.15
12,0.17,0.12
13,0.21,0.16
14,0.22,0.16
15,0.20,0.15
16,0.19,0.14
17,0.09,0.05
18,0.09,0.05
19,0.19,0.13
20,0.15,0.14
21,0.08,0.05
22,0.07,0.05
23,0.07,0.05
24,0.07,0.05
25,0.09,0.05
26,0.18,0.12
27,0.28,0.24
28,0.33,0.27
29,0.29,0.21
30,0.24,0.18
31,0.22,0.17
32,0.17,0.12
33,0.10,0.07
34,0.07,0.05
35,0.12,0.09
36,0.13,0.09
37,0.05,0.03
38,0.04,0.03
39,0.05,0.03
40,0.05,0.03
41,0.06,0.03
42,0.10,0.06
43,0.19,0.13
44,0.22,0.16
45,0.24,0.19
46,0.21,0.16
47,0.40,0.32
48,0.28,0.32
49,0.16,0.12
50,0.01,0.00
51,0.18,0.13
52,0.17,0.12
53,0.16,0.11
54,0.02,0.01
55,0.05,0.04
56,0.05,0.04
57,0.09,0.06
58,0.09,0.06
59,0.13,0.09
60,0.25,0.38
61,0.43,0.41
62,0.52,0.48
63,0.49,0.69
64,0.31,0.40
65,0.40,0.40
66,0.42,0.40
67,0.22,0.40
68,0.30,0.41
69,0.70,0.81
70,0.42,0.39
71,0.22,0.41
72,0.32,0.41
73,0.42,0.41
74,0.22,0.42
75,0.26,0.42
76,0.34,0.42
77,0.25,0.42
78,0.13,0.42
79,0.13,0.43
80,0.15,0.43
81,0.32,0.43
82,0.15,0.44
83,0.28,0.44
84,0.37,0.86
85,0.37,0.87
86,0.38,0.44
87,0.27,0.89
88,0.15,0.43
89,0.40,0.42
90,0.18,0.41
91,0.41,0.41
92,0.17,0.43
93,0.31,0.44
94,0.33,0.90
95,0.36,0.44
96,0.26,0.44
97,0.43,0.44
98,0.14,0.44
99,0.43,0.44
100,0.31,0.44
101,0.30,0.44
102,0.33,0.44
103,0.30,0.44
104,0.32,0.44
105,0.20,0.44
106,0.22,0.44
107,0.42,0.44
108,0.40,0.44
109,0.40,0.44
110,0.41,0.42
111,0.42,0.43
112,0.41,0.43
113,0.25,0.44
114,0.40,0.44
115,0.21,0.44
116,0.41,0.44
117,0.15,0.44
118,0.38,0.44
119,0.22,0.45
120,0.22,0.45
121,0.24,0.44
122,0.23,0.44
123,0.22,0.44
124,0.30,0.44
125,0.20,0.45
126,0.34,0.45
127,0.24,0.45
128,0.33,0.45
129,0.43,0.91
130,0.41,0.45
131,0.43,0.44
132,0.44,0.43
133,0.36,0.43
134,0.43,0.43
135,0.37,0.45
136,0.33,0.45
137,0.28,0.45
138,0.40,0.45
139,0.30,0.45
140,0.43,0.45
141,0.34,0.45
142,0.33,0.45
143,0.31,0.45
144,0.42,0.45
145,0.32,0.45
146,0.55,0.91
147,0.43,0.46
148,0.16,0.46
149,0.30,0.45
150,0.25,0.45
151,0.39,0.45
152,0.27,0.45
153,0.25,0.45
154,0.37,0.45
155,0.51,0.91
156,0.64,0.91
157,0.37,0.92
158,0.05,0.92
159,0.09,0.92
160,0.63,0.93
161,0.38,0.93
162,0.59,0.93
163,0.48,0.93
164,0.59,0.93
165,0.34,0.93
166,0.56,0.93
167,0.54,0.93
168,0.74,0.93
169,0.71,0.93
170,0.39,0.93
171,0.53,0.93
172,0.74,0.93
173,0.76,0.92
174,0.54,0.93
175,0.69,0.94
176,0.46,0.94
177,0.37,0.45
178,0.42,0.94
179,0.64,0.94
180,0.58,0.94
181,0.64,0.94
182,0.55,0.93
183,0.79,0.93
184,0.72,0.94
185,0.47,0.46
186,0.33,0.46
187,0.36,0.46
188,0.42,0.45
189,0.38,0.94
190,0.39,0.94
191,0.70,0.94
192,0.80,0.94
193,0.40,0.46
194,0.53,0.94
195,0.17,0.94
196,0.65,0.93
197,0.43,0.94
198,0.47,0.46
199,0.61,0.92
200,0.75,0.93
201,0.73,0.93
202,0.77,0.93
203,0.26,0.27
204,0.39,0.45
205,0.31,0.26
206,0.28,0.22
207,0.23,0.18
208,0.41,0.61
209,0.14,0.09
210,0.79,0.93
211,0.25,0.94
212,0.38,0.93
213,0.53,0.85
214,0.64,0.93
215,0.49,0.94
216,0.49,0.94
217,0.22,0.93
218,0.28,0.47
219,0.49,0.94
220,0.50,0.94
221,0.70,0.94
222,0.48,0.75
223,0.54,0.59
224,0.55,0.61
225,0.26,0.22
226,0.66,0.66
227,0.58,0.91
228,0.51,0.84
229,0.14,0.46
230,0.60,0.93
231,0.49,0.85
232,0.23,0.46
233,0.52,0.94
234,0.81,0.92
235,0.53,0.93
236,0.23,0.51
237,0.52,0.94
238,0.30,0.50
239,0.58,0.92
240,0.38,0.50
241,0.21,0.46
242,0.29,0.46
243,0.27,0.47
244,0.70,0.92
245,0.28,0.91
246,0.23,0.87
247,0.50,0.87
248,0.56,0.72
249,0.33,0.49
250,0.57,0.59
251,0.36,0.60
252,0.50,0.53
253,0.32,0.50
254,0.44,0.88
255,0.72,0.94
256,0.46,0.94
257,0.56,0.54
258,0.52,0.83
259,0.45,0.46
260,0.65,0.93
261,0.71,0.92
262,0.28,0.24
263,0.55,0.89
264,0.73,0.84
265,0.44,0.90
266,0.71,0.90
267,0.58,0.90
268,0.45,0.88
269,0.42,0.95
270,0.32,0.95
271,0.50,0.95
272,0.36,0.96
273,0.46,0.96
274,0.47,0.96
275,0.57,0.95
276,0.41,0.95
277,0.43,0.72
278,0.40,0.46
279,0.64,0.95
280,0.66,0.96
281,0.10,0.96
282,0.73,0.96
283,0.03,0.96
284,0.57,0.96
285,0.58,0.96
286,0.24,0.45
287,0.44,0.45
288,0.12,0.45
289,0.34,0.96
290,0.77,0.96
291,0.57,0.96
292,0.38,0.96
293,0.51,0.96
294,0.75,0.95
295,0.79,0.96
296,0.27,0.96
297,0.62,0.93
298,0.72,0.92
299,0.38,0.46
300,0.22,0.95
301,0.56,0.95
302,0.61,0.96
303,0.33,0.96
304,0.52,0.95
305,0.15,0.46
306,0.42,0.96
307,0.13,0.45
308,0.34,0.45
309,0.44,0.45
310,0.38,0.45
311,0.42,0.45
312,0.05,0.04
313,0.83,0.95
314,0.52,0.95
315,0.44,0.46
316,0.38,0.46
317,0.27,0.46
318,0.61,0.94
319,0.75,0.93
320,0.32,0.93
321,0.49,0.74
322,0.76,0.85
323,0.37,0.65
324,0.55,0.92
325,0.63,0.93
326,0.42,0.95
327,0.54,0.95
328,0.52,0.95
329,0.14,0.95
330,0.72,0.95
331,0.54,0.95
332,0.49,0.96
333,0.24,0.96
334,0.76,0.96
335,0.32,0.96
336,0.51,0.96
337,0.51,0.96
338,0.66,0.96
339,0.44,0.96
340,0.39,0.96
341,0.72,0.96
342,0.59,0.96
343,0.26,0.96
344,0.70,0.95
345,0.53,0.96
346,0.41,0.96
347,0.32,0.96
348,0.27,0.96
349,0.53,0.96
350,0.44,0.96
351,0.24,0.96
352,0.26,0.96
353,0.37,0.96
354,0.51,0.96
355,0.25,0.96
356,0.37,0.96
357,0.14,0.96
358,0.57,0.96
359,0.25,0.96
360,0.68,0.96
361,0.54,0.96
362,0.33,0.45
363,0.20,0.96
364,0.38,0.96
365,0.28,0.96
366,0.35,0.95
367,0.37,0.96
368,0.16,0.45
369,0.05,0.95
370,0.43,0.95
371,0.29,0.95
372,0.76,0.95
373,0.33,0.95
374,0.87,0.95
375,0.31,0.45
376,0.31,0.64
377,0.26,0.73
378,0.39,0.45
379,0.52,0.87
380,0.10,0.87
381,0.42,0.79
382,0.51,0.93
383,0.28,0.93
384,0.51,0.93
385,0.55,0.85
386,0.41,0.45
387,0.22,0.45
388,0.35,0.46
389,0.06,0.95
390,0.64,0.95
391,0.40,0.95
392,0.07,0.95
393,0.48,0.71
394,0.54,0.71
395,0.22,0.45
396,0.39,0.45
397,0.59,0.76
398,0.46,0.46
399,0.40,0.45
400,0.19,0.45
401,0.46,0.77
402,0.24,0.44
403,0.45,0.44
404,0.20,0.45
405,0.40,0.55
406,0.49,0.61
407,0.64,0.85
408,0.08,0.95
409,0.44,0.86
410,0.48,0.75
411,0.19,0.44
412,0.30,0.45
413,0.50,0.73
414,0.17,0.45
415,0.64,0.80
416,0.34,0.59
417,0.23,0.44
418,0.53,0.89
419,0.55,0.93
420,0.06,0.95
421,0.52,0.95
422,0.61,0.95
423,0.70,0.95
424,0.26,0.95
425,0.47,0.95
426,0.59,0.95
427,0.69,0.95
428,0.59,0.94
429,0.09,0.94
430,0.70,0.94
431,0.75,0.94
432,0.65,0.94
433,0.48,0.94
434,0.74,0.93
435,0.73,0.93
436,0.48,0.92
437,0.66,0.91
438,0.63,0.67
439,0.56,0.50
440,0.04,0.04
441,0.06,0.04
